(BSplineTransformSplineOrder 3)
(Direction 1 0 0 1)
(FixedImageDimension 2)
(FixedInternalImagePixelType "float")
(GridDirection 1 0 0 1)
(GridIndex 0 0)
(GridOrigin -8.403207018626077 -8.413200852168188)
(GridSize 20 20)
(GridSpacing 8.000360426148566 8.000955266654566)
(HowToCombineTransforms "Compose")
(Index 0 0)
(InitialTransformParametersFileName "./TransformParameters.0.txt")
(MovingImageDimension 2)
(MovingInternalImagePixelType "float")
(NumberOfParameters 800)
(Origin 0 0)
(Size 512 512)
(Spacing 0.26458333333333334 0.26458333333333334)
(Transform "BSplineTransform")
(TransformParameters 0.06363738665419529 0.00044980903289819124 -0.06291494415824976 -0.11415600940364405 -0.1160073736811689 -0.08298911543993878 -0.06653291877446287 -0.08213413963030435 -0.09311798550696035 -0.05961933655704749 0.03636910040721881 0.08363479857147477 0.07874357257701746 0.04351326659649168 0.01392037317410897 -0.017885054666733784 -0.010477010355861672 0.07036686922392742 0.0632436917055926 -0.05569787594474928 0.1261773640154986 0.023906621358521386 -0.010519927536461247 -0.07629835803289402 -0.19271478144776494 -0.03815513209053661 0.10392516416237453 -0.171018418143496 -0.2883718335416991 -0.002682073141257304 0.27572961661010875 0.22155701166604685 0.09395314880201897 0.06072321632572558 0.021960219956408022 0.014704246430677258 0.027753727650467713 0.059772709342024596 0.02696478290811482 -0.06193750402900022 0.12390908486109076 -0.09164929548102431 0.10030113302513177 0.02073016350399248 -0.10061370460611553 0.0748020003951296 0.14564335881529383 -0.17440437106975884 -0.4587843211209386 0.10074273079451149 0.3974242119738588 0.11135962576202843 0.018590986226758803 0.1192657428487298 0.019580102967448734 -0.03542690933605655 -0.005471813937574589 -0.02996564993366481 -0.0646696044479935 -0.08421214868533684 0.2910978877147138 0.02080932755090972 -0.07159943053375538 0.057679969846183746 0.08140064116108561 0.14509313766540044 0.04427597349089104 -0.06316190630219647 -0.24928880423874913 0.07218653348076753 0.23470965596907717 -0.09487443909413668 -0.021335156261270336 0.1439691112737239 0.09183595795749055 -0.01652814638827308 -0.019693620883900646 -0.04934672579453031 0.04773048110879761 0.03969024806150583 0.482643467385432 0.3026186770766226 -0.323379756434771 -0.04351492613971092 0.07769645310966268 0.017211073921558857 -0.04532501830656636 -0.008465474540964512 -0.09053195687627907 -0.19651708216219657 -0.02824488145681902 -0.06453070978324779 -0.10374990016661674 -0.018792521092886146 0.06039733909228296 0.04131361816700383 0.12486174904081092 0.10601247361751874 0.028496486512811503 0.1148251344365919 0.4840429120435549 0.24594800740880285 -0.14702498109544274 0.07424593748113252 0.05626911077227692 -0.028210529126153714 -0.06692252524611897 0.0011499537543386196 -0.06135381110855184 -0.23667408418666563 -0.08343779796469639 -0.017218881857165518 -0.08533276391793863 -0.07319367369114005 0.02984429542229593 0.10767984266571846 0.20698013039199215 0.08304887918749503 0.007069335791717496 0.1559025663765126 0.36903790374384127 0.09230910830579306 -0.13101821659543125 0.020085592568559452 -0.03595632110782845 0.006847713232425734 -0.060372040331739145 -0.20832896295211634 -0.4244508829974716 -0.4394052084701604 -0.023594498977246508 -0.0776636696136742 -0.10707616195068495 0.06421162168584237 0.13325185142652946 0.16004465684998823 0.18885038680559102 -0.03576714866918972 0.06538182585676633 0.2419693244571325 0.36496911940840693 0.2617424135475634 -0.20504224365948556 -0.18715168053981673 -0.022997368248582187 -0.040870757231640825 -0.10721068476791885 -0.3929588426990978 -0.5694850383309247 -0.36764202319032335 -0.043965943933861544 -0.12441721825246059 -0.11604796932222254 0.18139788789735536 0.34415985871412347 0.2822605106371737 0.1575119843424406 0.023257101163979717 0.14394886198595733 0.2788512533361796 0.27601481790531635 0.1044816972959509 -0.22406289741781893 -0.12512870831997241 -0.04664876126080692 -0.14802517541986254 0.0760272094000047 0.043437829552346444 -0.20868836465348908 -0.1329292661077005 -0.02866658964605274 -0.07118821772939894 0.003528091539023086 0.18785942769925532 0.31211442051638755 0.25942746414045975 0.12032221161728417 -0.21342463426803285 -0.11191006232848744 0.3383163554234765 0.12131845848256184 0.0917696991587122 -0.10837969570211389 -0.0008448391561409273 -0.10913658909053739 -0.07445479917953363 0.1785047688839479 0.04253392921152486 -0.05875154206269907 0.05890521605411493 -0.08370835404802454 -0.016018390378938787 0.10497248645787625 0.20443497516023734 0.2557581520816742 0.2536366187995912 0.20960903742954476 -0.18746573327237603 0.32078152192799 0.5253677774791579 -0.11109421163871089 -0.018915637473500117 0.02282765561818155 -0.002625962307385517 -0.09920466297742553 -0.05281315789429181 0.1387758129006084 0.14978365239577146 0.07658503303015578 0.014734862696592091 -0.17955095066960228 -0.07545277895463008 0.07810338931122336 0.1741602778407531 0.15080585185482967 -0.13939218256434413 -0.474270374774122 -0.32118336330808234 0.41770527580901456 0.7506365512025576 -0.36859705016005306 -0.2104281396618817 0.1503264371164844 0.10813573671372512 -0.2020817153645449 -0.13577342532878608 0.1526166793337583 0.042873487911490524 0.10048449096094425 0.09437861264901914 0.006223457073069883 0.023994063973451933 0.03307704206937906 0.14388536736545038 0.1312891677032083 -0.48735966252441587 -0.8658695618315396 -0.24813014509208267 0.4185450996738103 0.7565419314421835 -0.5652698162963925 -0.3433799867087489 0.21490390121850655 0.28729598041775434 -0.2799470582641917 -0.319577638913751 0.09783507778299094 -0.05477297383282852 0.12023504565936073 0.2918303653824419 -0.0007069006703845904 -0.019832435792278176 0.07558522536461706 0.1051465325789906 -0.13206052464650425 -0.4550872444257952 -0.5149949825788902 -0.18193082298527496 0.3030578962961519 0.599262008617784 -0.6151228116946771 -0.39763905196911514 0.15732886514346386 0.37993887484919836 -0.22492841987966716 -0.39599582478103507 0.05688584266152769 0.13324321025961128 0.33435575716720334 0.3883617871749893 -0.16142421776444682 -0.20490588846856891 -0.053305535914728024 0.025483896113137332 -0.21558461487806546 -0.2832645995398857 -0.2653837411652795 0.02067372436015414 0.31621783390986197 0.4118561503923705 -0.4190469745415898 -0.39627160383375054 -0.005312141222376431 0.202158602873857 -0.12103927540407329 -0.18764976878323483 0.07995186963760728 0.11720873783471786 0.14472439202765688 0.2310735307094888 -0.10874601161961167 -0.19852695948768861 -0.19109124887442536 -0.1372427329556987 -0.140563799626785 -0.13913173745936483 -0.15197373886437116 0.09249977742613552 0.24305611122689166 0.23805109139823133 -0.10945322348438688 0.05353501137944356 0.04302499953890013 -0.01709454480017124 0.025105048974715632 0.04164328333804994 -0.017095546942112565 -0.011926063737743128 0.06433164107639056 0.07047421164148954 -0.03400996591277735 -0.11646617419262723 -0.13445123196106093 -0.10545520276862398 -0.0870291933474784 -0.028674903258303856 0.008615643252311737 0.09071193269186441 0.15577692609324015 0.18127818758858336 -0.015387237308945445 0.0037779117445392585 -0.00388224314507259 0.03123377114022733 -0.015377358958175796 -0.01558065271445356 -0.0050911447158799115 -0.05121615856286985 -0.005646671798433981 0.03727067460309876 -0.038957153455522156 -0.005088202167861638 0.030285975459130254 0.03883958016960149 -0.019058800033929856 -0.0042580206215722715 0.11246019931440633 0.2076776630240182 0.3419330137224837 0.21016516088877957 -0.05330287777034538 -0.0061873415838932175 0.012837485710028112 -0.054849111911560236 -0.02228057318696288 -0.0057444666897826825 0.003923171063220194 0.010685193001467884 0.019450848977524658 0.003663122077779602 0.03541326519420712 0.012633268624397445 0.027340866159702486 -0.03258611020989807 0.017285705301897276 -0.0008970100643868569 -0.040210297456244506 -0.027001237203643984 -0.07997451474842801 0.07982430627262607 -0.10125486624961191 0.03591668209804889 -0.010727112109926476 0.043221317673823714 -0.0950735550886679 -0.03929601683409933 0.08682134015955485 0.13551964664526156 0.08911039758065556 -0.020690464419836314 -0.01621032224251723 0.029736544134004034 0.06172219540701923 0.019722600248354486 0.00896780238901992 -0.020110429414724334 -0.0012377011463886199 0.03382004375341175 0.07794734936270394 -0.002109638357687546 -0.12044093579162696 -0.019025692961795238 0.02810581716410749 -0.025895179983795785 -0.03857875831916373 -0.0013236376582081491 0.048929116609586154 0.07170557554680348 0.0588050001261433 0.030292044257217 0.02842600276873251 0.019878417199729048 0.010456524379889027 0.006085987579574483 -0.03147973435819709 -0.04520504173679469 -0.002872322105949615 0.06514756203838849 0.038544448474853575 -0.05785211541043164 0.08829480264318217 -0.05460612574041798 -0.20501579652475116 -0.38877174620753885 -0.4125587951669162 -0.3994518540979525 -0.40503477060782156 -0.4668454405499671 -0.56074690005108 -0.5357098217403443 -0.3530661142662454 -0.36435014560458895 -0.41956989342431494 -0.40655852191979286 -0.34941726385681365 -0.2984100335632461 -0.34512289650285993 -0.2530444838136952 -0.12554601354956166 -0.006015010209254961 0.015828744886546686 -0.033754786085996594 0.035190693164907375 -0.4084956486375535 -0.2784404223272579 -0.33928748056304675 -0.3179289784649246 -0.2325710967503598 -0.439411063292359 -0.40865900736522787 -0.12472045520202688 -0.12374082170658707 -0.19372439881216194 -0.09729714710809904 -0.2523936593489049 -0.04245362114496884 -0.1293527892024501 -0.03519874055670869 0.087866956563817 -0.002279091055029966 -0.03921530051862383 0.00776161621605069 0.14922354806174515 0.0563668726122218 0.11503532311996705 -0.0016914377554981 -0.1298375590279458 -0.012288800661487667 0.026330267313182564 0.02796472710992932 0.032061531696997124 0.06875078901897283 0.11850112494734401 0.21019529824160857 -0.0721776670613781 0.06587840250374184 0.07008662925303637 0.05692260224976631 -0.01805178405534721 0.008117697734312878 -0.04212883037615488 0.00007436137111485478 -0.06235487412753939 -0.013632199574958948 -0.01003320851234674 0.1361965441839078 0.10501883498656032 0.04038138340753401 0.10863908787543408 0.07585193259497117 -0.2775911896775283 -0.20798657905208767 0.020496685413642784 0.03381319200900938 0.05637605736198302 -0.07024557477671224 -0.031186519044291643 -0.05602384881847142 0.03337710791208562 0.08696846036056063 -0.07738828944500036 -0.2575932384498074 -0.23934435692710682 -0.07857779028463939 -0.035149427839940635 0.061021138993802855 0.0735364954312633 0.040934701632666215 0.1991440164014315 0.18246124606635825 -0.21537616871604576 -0.12314629262326121 0.08085996965708302 0.0991975097512238 0.22380583089731138 0.1405639243627634 -0.009618583279988612 0.05163420887537447 -0.009275647337217299 0.007380034483123571 -0.05253658320655813 -0.04810015582248046 0.03059803058278933 -0.011475524925938925 -0.04986971967136295 0.04940149917063577 -0.0016595906192311913 0.04648587791842745 0.0670668382595507 0.05104116467538773 -0.10609252636936016 0.06924775100459502 0.11709263209031198 0.02639161251623852 -0.005379193231626794 -0.11848245325071434 -0.24437342786819508 -0.20929700615356475 -0.2571856445940555 -0.11891751129811876 -0.04474292547412838 0.1869837088204781 0.26968456239190397 -0.10778418973778514 -0.10134927322035003 -0.016431616110445232 -0.11102339641677984 -0.3100292171031986 -0.6724185536772489 -0.7488356461453517 -0.24933867033493992 0.10351816397900958 0.1302186183481965 -0.011398948695822 -0.27964126841301085 -0.3958116031089257 -0.5364438284892193 -0.7688612931460351 -0.7301590317269031 -0.26732262379525107 -0.1681355193229316 -0.2563754103556596 -0.193683726594492 -0.06486513256865412 0.020586952461685886 0.020624211578831667 -0.057388701993959707 -0.31055981667146015 -0.6467772681281703 -0.6034894542028452 -0.31318326475794395 -0.023082149410160298 0.10023083079883549 0.033248506976900453 -0.12545852655031597 -0.33062534397930715 -0.5867953279685689 -0.6676932560673006 -0.7552682776829076 -0.37977950949948824 -0.3002710961243947 -0.5627285814199439 -0.24734814401023167 0.06273614120984458 0.04635373064987287 0.059308749279990254 0.43930235611497587 0.2575757650324923 -0.11783643942106067 -0.1765228927990208 -0.06139450276622412 0.02986814870084186 0.09078599792669906 0.04588352365075287 -0.04262091409729997 -0.2448646976055643 -0.5042698792766582 -0.6764852426008495 -0.8172241286639107 -0.42765429588312465 -0.3476015625160728 -0.6189449969140282 -0.3710093908100119 -0.0869524935561124 0.00027064259189170576 -0.04412974660322139 0.12665253952755162 0.06391976106191796 0.14076646991837366 0.15812906811015956 0.10817684173605525 0.08924380786619521 0.050071038921084624 0.056964053525664894 0.08848559059861298 -0.06587611696901267 -0.3398289869412849 -0.9277121710058942 -0.9020746335001266 -0.4077199346554196 -0.2555919730682192 -0.23884491713778278 -0.05008913870594601 -0.028529322070375826 -0.08521776515499305 -0.09545636722319975 -0.08449284142479867 0.010910976391345126 0.09397823487971398 0.17792267611189833 0.11760770358612228 0.05961465035007304 0.024259983967781812 -0.009963605350285815 0.1404979595685579 0.09957915268814677 -0.5301298668424457 -0.9806735285605543 -0.8908165044741951 -0.3505545548607713 -0.15486236937393189 -0.09196729305938237 0.0020387013935260915 0.05918682788045486 -0.05239157894378374 -0.0651606129878834 0.021622075765023122 0.06317121809130415 0.011152236925663968 0.026301903503430066 0.2389383582138786 0.1436671886939418 0.05003758513872648 -0.11582132427941096 -0.4464504526552341 -0.6348363742215539 -0.8112769867468624 -0.7330957891734211 -0.7149890924208375 -0.2682543596891391 -0.06844083174577018 -0.03783703307880333 -0.04925182936286266 0.026759167978324734 0.11033796644731714 0.1286425165672934 0.11760491810150094 0.02777336664384739 -0.046645313336524094 0.0010187504408702007 0.31632372235159073 0.23205336223649436 0.1303463001774302 -0.093665774928717 -0.5830364430127701 -0.7685079763823417 -0.674667629988256 -0.6031502383540163 -0.497130699354468 -0.16401164975313676 -0.01922165880507509 -0.07260529576196954 -0.0712079353841414 0.15326616089138914 0.0810830649327902 0.031343170673837045 -0.008767796899733319 -0.1215226290541714 -0.2794120451523259 -0.42495237076174847 -0.23362427246752912 -0.12870500815019373 -0.1568011378516955 -0.312087931239366 -0.48337207872832383 -0.42712925733667856 -0.3939264275738641 -0.4201605507394267 -0.3103529451031969 -0.06306144473717244 -0.004524858414534586 0.06750115304296156 0.03043287458863554 -0.010608455941013352 -0.10405582426473717 -0.019217447822657586 0.005005345346990995 0.053790510976428244 -0.18227211116760222 -0.36910246471845803 -0.22406763499562765 -0.1290594501208423 -0.13636607374673465 -0.27974427515810274 -0.37407692242847546 -0.19346684400430825 -0.1011634155825255 -0.1788634599459396 -0.14904944296370232 -0.006121269537862545 -0.013292833458872617 -0.030594088930959717 0.026641696133986856 0.012330139603727211 -0.005946894571946186 -0.007472254170176566 -0.004156634598451043 0.027452571390307656 -0.0704319670090365 -0.01707358425115726 -0.04877334225527626 -0.037571072888046515 -0.03834858539580397 -0.1808651740852738 -0.1691346150056505 -0.06540183197298746 -0.03512477347228619 -0.00012741797545694965 0.004670583826453933 0.014456877072903685 0.03881525027582915 -0.02844104466250146 -0.018017657083462275 -0.015150224590716535 0.03341888749235066 0.035903462666341236 -0.06397562958026218 0.009072939327054785 0.04611387666115536 0.07945854432375733 0.011312615559398604 0.09557586682398322 0.09491990107467219 0.010109519675438704 0.048995160725328495 0.07307691166874952 0.0815578089350192 0.12460264440193987 0.05177016414498887 0.0004907105139089076 0.05821717117745699 -0.0148891540648225 0.007673819349471965 -0.04361828676107973 -0.051869430825926155 -0.06473944671322376 0.0035694228899373712 -0.024793829925347968 -0.025643077406167086 -0.08414552785280002 -0.0031375952720353664 -0.0712144734476398 -0.0850549430463482 0.008050865722435768 -0.01693278958696294 0.0002077440426656186 -0.010203289518104522 -0.024402217902184605 0.009110122041684477 -0.023790364247293635 0.05101119386117392 0.029564432468605403 -0.058233534987861886 -0.040003159479001994 0.024153096653373448 0.1565172105224913 0.35157617312707934 0.3255719647636969 0.273962569572273 0.393105234007558 0.5264012952936763 0.18533104040155585 0.12128169944992367 0.2988943659655619 -0.03320666960171291 -0.0049000247715302835 0.004861264533492371 0.0032818100508289587 0.0275468891994414 -0.03461486048662753 0.009393331599900991 0.057370324958063816 0.10389631506286318 0.1720121710169474 0.31664187714087333 0.42306147632182084 0.440089652760266 0.4605430458888141 0.4847460489072628 0.5292102849773196 0.5300049526261815 0.37872913724234514 0.2678130917931036 0.24245601899647484 0.11091564514265194 0.10644718306541895 0.1368428593819931 0.09981251246809875 0.03607770455964801 -0.027068190594686764)
(UseBinaryFormatForTransformationParameters "false")
(UseCyclicTransform "false")
(UseDirectionCosines "true")

// ResampleInterpolator specific
(FinalBSplineInterpolationOrder 3)
(ResampleInterpolator "FinalBSplineInterpolator")

// Resampler specific
(CompressResultImage "false")
(DefaultPixelValue 0)
(Resampler "DefaultResampler")
(ResultImageFormat "nii")
(ResultImagePixelType "float")
